0 
1
2 
3 
4 
5 
6 10 31 39 
7 
8 
9 
10 6 14 20 22 30 38 
11 
12 
13 18 23 27 29 33 35 43 45 
14 10 16 23 25 27 29 31 37 39 41 45 
15 
16 14 17 22 26 28 30 32 34 36 38 40 42 
17 16 18 23 27 31 35 37 39 41 45 
18 13 17 20 24 26 34 40 42 44 
19 
20 10 18 21 23 25 27 29 37 43 45 
21 20 22 24 26 30 32 34 36 38 40 42 44 
22 10 16 21 23 25 27 29 31 33 39 41 43 45 
23 13 14 17 20 22 24 28 32 34 40 42 44 
24 18 21 23 25 27 29 37 43 45 
25 14 20 22 24 26 28 30 38 40 42 
26 16 18 21 25 27 29 31 35 37 39 41 43 45 
27 13 14 17 20 22 24 26 28 30 32 34 36 38 42 44 
28 16 23 25 27 29 31 35 37 41 43 45 
29 13 14 20 22 24 26 28 30 34 38 40 42 44 
30 10 16 21 25 27 29 31 33 35 39 41 43 
31 6 14 17 22 26 28 30 32 36 38 40 42 
32 16 21 23 27 31 33 37 39 41 43 45 
33 13 22 30 32 34 36 38 40 42 44 
34 16 18 21 23 27 29 33 35 37 41 43 45 
35 13 17 26 28 30 34 36 40 42 
36 16 21 27 31 33 35 37 39 45 
37 14 17 20 24 26 28 32 34 36 38 40 42 44 
38 10 16 21 25 27 29 31 33 37 39 43 
39 6 14 17 22 26 30 32 36 38 40 42 
40 16 18 21 23 25 29 31 33 35 37 39 41 43 45 
41 14 17 22 26 28 30 32 34 40 42 
42 16 18 21 23 25 27 29 31 33 35 37 39 41 43 45 
43 13 20 22 24 26 28 30 32 34 38 40 42 44 
44 18 21 23 27 29 33 37 43 45 
45 13 14 17 20 22 24 26 28 32 34 36 40 42 44 
