0 
1 22 31 37 40 
2 30 
3 
4 26 30 33 37 40 
5 37 40 
6 22 31 37 40 
7 27 29 
8 30 33 37 40 
9 11 18 23 25 26 27 29 30 32 34 36 39 
10 37 40 
11 9 12 17 20 22 28 35 38 41 
12 11 18 21 25 26 27 29 30 32 33 34 36 37 39 40 
13 30 33 
14 23 25 29 30 32 33 36 39 
15 22 24 26 28 30 31 
16 18 21 23 25 27 29 33 36 37 40 
17 11 18 21 27 29 33 36 37 40 
18 9 12 16 17 20 22 24 28 31 35 37 38 40 41 
19 26 30 
20 11 18 21 23 25 26 27 30 32 33 34 36 37 39 40 
21 12 16 17 20 22 24 28 30 33 35 38 41 
22 1 6 11 15 18 21 23 25 27 29 32 34 37 39 
23 9 14 16 20 22 24 26 31 33 37 40 
24 15 18 21 23 25 27 29 32 34 37 39 
25 9 12 14 16 20 22 24 26 31 33 37 40 
26 4 9 12 15 19 20 23 25 27 29 35 38 41 
27 7 9 12 16 17 20 22 24 26 28 30 31 33 35 37 38 40 41 
28 11 15 18 21 27 29 34 37 39 
29 7 9 12 14 16 17 22 24 26 28 30 31 33 35 37 38 40 41 
30 2 4 8 9 12 13 14 15 19 20 21 27 29 31 34 37 
31 1 6 15 18 23 25 27 29 30 32 33 36 39 
32 9 12 14 20 22 24 31 33 37 40 
33 4 8 12 13 14 16 17 20 21 23 25 27 29 31 32 34 35 38 41 
34 9 12 20 22 24 28 30 33 35 38 41 
35 11 18 21 26 27 29 33 34 36 37 39 40 
36 9 12 14 16 17 20 31 35 37 38 41 
37 1 4 5 6 8 10 12 16 17 18 20 22 23 24 25 27 28 29 30 32 35 36 38 39 41 
38 11 18 21 26 27 29 33 34 36 37 39 40 
39 9 12 14 20 22 24 28 31 35 37 38 40 41 
40 1 4 5 6 8 10 12 16 17 18 20 23 25 27 29 32 35 38 39 41 
41 11 18 21 26 27 29 33 34 36 37 39 40 
